Total: 55, Time: 131.74534845352173
Total: 55, Time: 224.65085792541504
